(kicad_pcb (version 20171130) (host pcbnew 5.1.8-db9833491~87~ubuntu20.04.1)

  (general
    (thickness 1.6)
    (drawings 10)
    (tracks 638)
    (zones 0)
    (modules 58)
    (nets 64)
  )

  (page A4)
  (title_block
    (title RosalynFC)
    (date 2020-11-22)
    (rev v0.1)
    (company www.2-0.dk)
  )

  (layers
    (0 F.Cu signal)
    (1 In1.Cu signal)
    (2 In2.Cu signal)
    (31 B.Cu signal)
    (32 B.Adhes user)
    (33 F.Adhes user)
    (34 B.Paste user)
    (35 F.Paste user)
    (36 B.SilkS user)
    (37 F.SilkS user)
    (38 B.Mask user)
    (39 F.Mask user)
    (40 Dwgs.User user)
    (41 Cmts.User user)
    (42 Eco1.User user)
    (43 Eco2.User user)
    (44 Edge.Cuts user)
    (45 Margin user)
    (46 B.CrtYd user)
    (47 F.CrtYd user)
    (48 B.Fab user hide)
    (49 F.Fab user hide)
  )

  (setup
    (last_trace_width 0.25)
    (user_trace_width 0.2)
    (trace_clearance 0.2)
    (zone_clearance 0.508)
    (zone_45_only no)
    (trace_min 0.2)
    (via_size 0.8)
    (via_drill 0.4)
    (via_min_size 0.4)
    (via_min_drill 0.3)
    (user_via 0.6 0.3)
    (uvia_size 0.3)
    (uvia_drill 0.1)
    (uvias_allowed no)
    (uvia_min_size 0.2)
    (uvia_min_drill 0.1)
    (edge_width 0.05)
    (segment_width 0.2)
    (pcb_text_width 0.3)
    (pcb_text_size 1.5 1.5)
    (mod_edge_width 0.12)
    (mod_text_size 1 1)
    (mod_text_width 0.15)
    (pad_size 1.524 1.524)
    (pad_drill 0.762)
    (pad_to_mask_clearance 0)
    (aux_axis_origin 0 0)
    (visible_elements FFFFFF7F)
    (pcbplotparams
      (layerselection 0x010fc_ffffffff)
      (usegerberextensions false)
      (usegerberattributes true)
      (usegerberadvancedattributes true)
      (creategerberjobfile true)
      (excludeedgelayer true)
      (linewidth 0.100000)
      (plotframeref false)
      (viasonmask false)
      (mode 1)
      (useauxorigin false)
      (hpglpennumber 1)
      (hpglpenspeed 20)
      (hpglpendiameter 15.000000)
      (psnegative false)
      (psa4output false)
      (plotreference true)
      (plotvalue true)
      (plotinvisibletext false)
      (padsonsilk false)
      (subtractmaskfromsilk false)
      (outputformat 1)
      (mirror false)
      (drillshape 1)
      (scaleselection 1)
      (outputdirectory ""))
  )

  (net 0 "")
  (net 1 usb_dm)
  (net 2 usb_dp)
  (net 3 GND)
  (net 4 "Net-(C1-Pad2)")
  (net 5 "Net-(C2-Pad1)")
  (net 6 "Net-(C3-Pad1)")
  (net 7 vbat)
  (net 8 +5V)
  (net 9 nrst)
  (net 10 "Net-(D3-Pad2)")
  (net 11 "Net-(J1-PadA5)")
  (net 12 "Net-(J1-PadB5)")
  (net 13 usart3_tx)
  (net 14 usart3_rx)
  (net 15 i2c2_sda)
  (net 16 i2c2_scl)
  (net 17 usart1_tx)
  (net 18 usart1_rx)
  (net 19 usart2_rx)
  (net 20 usart2_tx)
  (net 21 uart4_tx)
  (net 22 uart4_rx)
  (net 23 uart5_rx)
  (net 24 uart5_tx)
  (net 25 m4)
  (net 26 m3)
  (net 27 m2)
  (net 28 m1)
  (net 29 current_adc)
  (net 30 uart6_rxtx)
  (net 31 swclk)
  (net 32 swdio)
  (net 33 m5)
  (net 34 m6)
  (net 35 ppm)
  (net 36 camera)
  (net 37 rssi_adc)
  (net 38 "Net-(J10-Pad2)")
  (net 39 led)
  (net 40 "Net-(Q1-Pad1)")
  (net 41 boot0)
  (net 42 vbat_adc)
  (net 43 beeper)
  (net 44 led0)
  (net 45 spi3_miso)
  (net 46 spi3_sck)
  (net 47 spi3_mosi)
  (net 48 baro_cs)
  (net 49 "Net-(U2-Pad5)")
  (net 50 "Net-(U2-Pad6)")
  (net 51 gyro1_cs)
  (net 52 spi1_sck)
  (net 53 spi1_miso)
  (net 54 spi1_mosi)
  (net 55 gyro1_exti)
  (net 56 flash_cs)
  (net 57 +3V3)
  (net 58 "Net-(C18-Pad1)")
  (net 59 "Net-(C18-Pad2)")
  (net 60 "Net-(C19-Pad1)")
  (net 61 "Net-(R10-Pad2)")
  (net 62 "Net-(C6-Pad2)")
  (net 63 "Net-(D1-Pad2)")

  (net_class Default "This is the default net class."
    (clearance 0.2)
    (trace_width 0.25)
    (via_dia 0.8)
    (via_drill 0.4)
    (uvia_dia 0.3)
    (uvia_drill 0.1)
    (add_net +3V3)
    (add_net +5V)
    (add_net GND)
    (add_net "Net-(C1-Pad2)")
    (add_net "Net-(C18-Pad1)")
    (add_net "Net-(C18-Pad2)")
    (add_net "Net-(C19-Pad1)")
    (add_net "Net-(C2-Pad1)")
    (add_net "Net-(C3-Pad1)")
    (add_net "Net-(C6-Pad2)")
    (add_net "Net-(D1-Pad2)")
    (add_net "Net-(D3-Pad2)")
    (add_net "Net-(J1-PadA5)")
    (add_net "Net-(J1-PadB5)")
    (add_net "Net-(J10-Pad2)")
    (add_net "Net-(Q1-Pad1)")
    (add_net "Net-(R10-Pad2)")
    (add_net "Net-(U2-Pad5)")
    (add_net "Net-(U2-Pad6)")
    (add_net baro_cs)
    (add_net beeper)
    (add_net boot0)
    (add_net camera)
    (add_net current_adc)
    (add_net flash_cs)
    (add_net gyro1_cs)
    (add_net gyro1_exti)
    (add_net i2c2_scl)
    (add_net i2c2_sda)
    (add_net led)
    (add_net led0)
    (add_net m1)
    (add_net m2)
    (add_net m3)
    (add_net m4)
    (add_net m5)
    (add_net m6)
    (add_net nrst)
    (add_net ppm)
    (add_net rssi_adc)
    (add_net spi1_miso)
    (add_net spi1_mosi)
    (add_net spi1_sck)
    (add_net spi3_miso)
    (add_net spi3_mosi)
    (add_net spi3_sck)
    (add_net swclk)
    (add_net swdio)
    (add_net uart4_rx)
    (add_net uart4_tx)
    (add_net uart5_rx)
    (add_net uart5_tx)
    (add_net uart6_rxtx)
    (add_net usart1_rx)
    (add_net usart1_tx)
    (add_net usart2_rx)
    (add_net usart2_tx)
    (add_net usart3_rx)
    (add_net usart3_tx)
    (add_net usb_dm)
    (add_net usb_dp)
    (add_net vbat)
    (add_net vbat_adc)
  )

  (module Capacitor_SMD:C_0603_1608Metric (layer F.Cu) (tedit 5F68FEEE) (tstamp 5FBA9F74)
    (at 144 97.35 90)
    (descr "Capacitor SMD 0603 (1608 Metric), square (rectangular) end terminal, IPC_7351 nominal, (Body size source: IPC-SM-782 page 76, https://www.pcb-3d.com/wordpress/wp-content/uploads/ipc-sm-782a_amendment_1_and_2.pdf), generated with kicad-footprint-generator")
    (tags capacitor)
    (path /5FBB81A4)
    (attr smd)
    (fp_text reference C20 (at 3 -0.09 90) (layer F.SilkS)
      (effects (font (size 1 1) (thickness 0.15)))
    )
    (fp_text value 100n (at 0 1.43 90) (layer F.Fab)
      (effects (font (size 1 1) (thickness 0.15)))
    )
    (fp_line (start 1.48 0.73) (end -1.48 0.73) (layer F.CrtYd) (width 0.05))
    (fp_line (start 1.48 -0.73) (end 1.48 0.73) (layer F.CrtYd) (width 0.05))
    (fp_line (start -1.48 -0.73) (end 1.48 -0.73) (layer F.CrtYd) (width 0.05))
    (fp_line (start -1.48 0.73) (end -1.48 -0.73) (layer F.CrtYd) (width 0.05))
    (fp_line (start -0.14058 0.51) (end 0.14058 0.51) (layer F.SilkS) (width 0.12))
    (fp_line (start -0.14058 -0.51) (end 0.14058 -0.51) (layer F.SilkS) (width 0.12))
    (fp_line (start 0.8 0.4) (end -0.8 0.4) (layer F.Fab) (width 0.1))
    (fp_line (start 0.8 -0.4) (end 0.8 0.4) (layer F.Fab) (width 0.1))
    (fp_line (start -0.8 -0.4) (end 0.8 -0.4) (layer F.Fab) (width 0.1))
    (fp_line (start -0.8 0.4) (end -0.8 -0.4) (layer F.Fab) (width 0.1))
    (fp_text user %R (at 0 0 90) (layer F.Fab)
      (effects (font (size 0.4 0.4) (thickness 0.06)))
    )
    (pad 2 smd roundrect (at 0.775 0 90) (size 0.9 0.95) (layers F.Cu F.Paste F.Mask) (roundrect_rratio 0.25)
      (net 3 GND))
    (pad 1 smd roundrect (at -0.775 0 90) (size 0.9 0.95) (layers F.Cu F.Paste F.Mask) (roundrect_rratio 0.25)
      (net 57 +3V3))
    (model ${KISYS3DMOD}/Capacitor_SMD.3dshapes/C_0603_1608Metric.wrl
      (at (xyz 0 0 0))
      (scale (xyz 1 1 1))
      (rotate (xyz 0 0 0))
    )
  )

  (module rosalyn-fc:L_4.1x4.1_H1.75 (layer F.Cu) (tedit 5FBA7711) (tstamp 5FBAC1E6)
    (at 154.844 89.016 270)
    (descr "Choke, SMD, 6.3x6.3mm 3mm height")
    (tags "Choke SMD")
    (path /5FB9FDF8)
    (attr smd)
    (fp_text reference L1 (at 3.364 2.134 180) (layer F.SilkS)
      (effects (font (size 1 1) (thickness 0.15)))
    )
    (fp_text value 4,7u (at 0 3.175 90) (layer F.Fab)
      (effects (font (size 1 1) (thickness 0.15)))
    )
    (fp_line (start 2.2 1) (end 2.2 2.1) (layer F.SilkS) (width 0.12))
    (fp_line (start 2.2 2.1) (end -2.2 2.1) (layer F.SilkS) (width 0.12))
    (fp_line (start -2.2 2.1) (end -2.2 1) (layer F.SilkS) (width 0.12))
    (fp_line (start -2.2 -1) (end -2.2 -2.1) (layer F.SilkS) (width 0.12))
    (fp_line (start -2.2 -2.1) (end 2.2 -2.1) (layer F.SilkS) (width 0.12))
    (fp_line (start 2.2 -2.1) (end 2.2 -1) (layer F.SilkS) (width 0.12))
    (fp_line (start -2.65 -2.3) (end -2.65 2.3) (layer F.CrtYd) (width 0.05))
    (fp_line (start -2.65 2.3) (end 2.65 2.3) (layer F.CrtYd) (width 0.05))
    (fp_line (start 2.65 2.3) (end 2.65 -2.3) (layer F.CrtYd) (width 0.05))
    (fp_line (start 2.65 -2.3) (end -2.65 -2.3) (layer F.CrtYd) (width 0.05))
    (fp_line (start 2.05 2.05) (end 2.05 1) (layer F.Fab) (width 0.1))
    (fp_line (start 2.05 -2.05) (end 2.05 -1) (layer F.Fab) (width 0.1))
    (fp_line (start -2.05 2.05) (end -2.05 1) (layer F.Fab) (width 0.1))
    (fp_line (start -2.05 -2.05) (end -2.05 -1) (layer F.Fab) (width 0.1))
    (fp_line (start -2.05 -2.05) (end 2.05 -2.05) (layer F.Fab) (width 0.1))
    (fp_line (start -2.05 2.05) (end 2.05 2.05) (layer F.Fab) (width 0.1))
    (fp_arc (start 0 0) (end 1.31 1.31) (angle 90) (layer F.Fab) (width 0.1))
    (fp_arc (start 0 0) (end -1.31 -1.31) (angle 90) (layer F.Fab) (width 0.1))
    (fp_text user %R (at 0 -2.921 90) (layer F.Fab)
      (effects (font (size 1 1) (thickness 0.15)))
    )
    (pad 2 smd rect (at 1.85 0 270) (size 1 1.6) (layers F.Cu F.Paste F.Mask)
      (net 59 "Net-(C18-Pad2)"))
    (pad 1 smd rect (at -1.85 0 270) (size 1 1.6) (layers F.Cu F.Paste F.Mask)
      (net 60 "Net-(C19-Pad1)"))
    (model ${KISYS3DMOD}/Inductor_SMD.3dshapes/L_6.3x6.3_H3.wrl
      (at (xyz 0 0 0))
      (scale (xyz 1 1 1))
      (rotate (xyz 0 0 0))
    )
    (model "${KIPRJMOD}/packages3d/COILMX MS0420-4R7M.STEP"
      (at (xyz 0 0 0))
      (scale (xyz 0.8 1.0001 0.9))
      (rotate (xyz -90 0 0))
    )
  )

  (module Resistor_SMD:R_0603_1608Metric (layer F.Cu) (tedit 5F68FEEE) (tstamp 5FB9F072)
    (at 159.26 85.59 180)
    (descr "Resistor SMD 0603 (1608 Metric), square (rectangular) end terminal, IPC_7351 nominal, (Body size source: IPC-SM-782 page 72, https://www.pcb-3d.com/wordpress/wp-content/uploads/ipc-sm-782a_amendment_1_and_2.pdf), generated with kicad-footprint-generator")
    (tags resistor)
    (path /5FC4E34C)
    (attr smd)
    (fp_text reference R11 (at -2.97 -1.54) (layer F.SilkS)
      (effects (font (size 1 1) (thickness 0.15)))
    )
    (fp_text value 9,53k (at 0 1.43) (layer F.Fab)
      (effects (font (size 1 1) (thickness 0.15)))
    )
    (fp_line (start 1.48 0.73) (end -1.48 0.73) (layer F.CrtYd) (width 0.05))
    (fp_line (start 1.48 -0.73) (end 1.48 0.73) (layer F.CrtYd) (width 0.05))
    (fp_line (start -1.48 -0.73) (end 1.48 -0.73) (layer F.CrtYd) (width 0.05))
    (fp_line (start -1.48 0.73) (end -1.48 -0.73) (layer F.CrtYd) (width 0.05))
    (fp_line (start -0.237258 0.5225) (end 0.237258 0.5225) (layer F.SilkS) (width 0.12))
    (fp_line (start -0.237258 -0.5225) (end 0.237258 -0.5225) (layer F.SilkS) (width 0.12))
    (fp_line (start 0.8 0.4125) (end -0.8 0.4125) (layer F.Fab) (width 0.1))
    (fp_line (start 0.8 -0.4125) (end 0.8 0.4125) (layer F.Fab) (width 0.1))
    (fp_line (start -0.8 -0.4125) (end 0.8 -0.4125) (layer F.Fab) (width 0.1))
    (fp_line (start -0.8 0.4125) (end -0.8 -0.4125) (layer F.Fab) (width 0.1))
    (fp_text user %R (at 0 0) (layer F.Fab)
      (effects (font (size 0.4 0.4) (thickness 0.06)))
    )
    (pad 1 smd roundrect (at -0.825 0 180) (size 0.8 0.95) (layers F.Cu F.Paste F.Mask) (roundrect_rratio 0.25)
      (net 61 "Net-(R10-Pad2)"))
    (pad 2 smd roundrect (at 0.825 0 180) (size 0.8 0.95) (layers F.Cu F.Paste F.Mask) (roundrect_rratio 0.25)
      (net 3 GND))
    (model ${KISYS3DMOD}/Resistor_SMD.3dshapes/R_0603_1608Metric.wrl
      (at (xyz 0 0 0))
      (scale (xyz 1 1 1))
      (rotate (xyz 0 0 0))
    )
  )

  (module Capacitor_SMD:C_0603_1608Metric (layer B.Cu) (tedit 5F68FEEE) (tstamp 5FBB41F7)
    (at 152 91.86 180)
    (descr "Capacitor SMD 0603 (1608 Metric), square (rectangular) end terminal, IPC_7351 nominal, (Body size source: IPC-SM-782 page 76, https://www.pcb-3d.com/wordpress/wp-content/uploads/ipc-sm-782a_amendment_1_and_2.pdf), generated with kicad-footprint-generator")
    (tags capacitor)
    (path /5FCA5F6C)
    (attr smd)
    (fp_text reference C16 (at -0.13 1.32 180) (layer B.SilkS)
      (effects (font (size 1 1) (thickness 0.15)) (justify mirror))
    )
    (fp_text value 100n (at 0 -1.43 180) (layer B.Fab)
      (effects (font (size 1 1) (thickness 0.15)) (justify mirror))
    )
    (fp_line (start 1.48 -0.73) (end -1.48 -0.73) (layer B.CrtYd) (width 0.05))
    (fp_line (start 1.48 0.73) (end 1.48 -0.73) (layer B.CrtYd) (width 0.05))
    (fp_line (start -1.48 0.73) (end 1.48 0.73) (layer B.CrtYd) (width 0.05))
    (fp_line (start -1.48 -0.73) (end -1.48 0.73) (layer B.CrtYd) (width 0.05))
    (fp_line (start -0.14058 -0.51) (end 0.14058 -0.51) (layer B.SilkS) (width 0.12))
    (fp_line (start -0.14058 0.51) (end 0.14058 0.51) (layer B.SilkS) (width 0.12))
    (fp_line (start 0.8 -0.4) (end -0.8 -0.4) (layer B.Fab) (width 0.1))
    (fp_line (start 0.8 0.4) (end 0.8 -0.4) (layer B.Fab) (width 0.1))
    (fp_line (start -0.8 0.4) (end 0.8 0.4) (layer B.Fab) (width 0.1))
    (fp_line (start -0.8 -0.4) (end -0.8 0.4) (layer B.Fab) (width 0.1))
    (fp_text user %R (at 0 0 180) (layer B.Fab)
      (effects (font (size 0.4 0.4) (thickness 0.06)) (justify mirror))
    )
    (pad 2 smd roundrect (at 0.775 0 180) (size 0.9 0.95) (layers B.Cu B.Paste B.Mask) (roundrect_rratio 0.25)
      (net 3 GND))
    (pad 1 smd roundrect (at -0.775 0 180) (size 0.9 0.95) (layers B.Cu B.Paste B.Mask) (roundrect_rratio 0.25)
      (net 57 +3V3))
    (model ${KISYS3DMOD}/Capacitor_SMD.3dshapes/C_0603_1608Metric.wrl
      (at (xyz 0 0 0))
      (scale (xyz 1 1 1))
      (rotate (xyz 0 0 0))
    )
  )

  (module Capacitor_SMD:C_0603_1608Metric (layer F.Cu) (tedit 5F68FEEE) (tstamp 5FBAB01F)
    (at 140.75 105.56 180)
    (descr "Capacitor SMD 0603 (1608 Metric), square (rectangular) end terminal, IPC_7351 nominal, (Body size source: IPC-SM-782 page 76, https://www.pcb-3d.com/wordpress/wp-content/uploads/ipc-sm-782a_amendment_1_and_2.pdf), generated with kicad-footprint-generator")
    (tags capacitor)
    (path /5FC69F0C)
    (attr smd)
    (fp_text reference C15 (at 3.24 0.02) (layer F.SilkS)
      (effects (font (size 1 1) (thickness 0.15)))
    )
    (fp_text value 100n (at 0 1.43) (layer F.Fab)
      (effects (font (size 1 1) (thickness 0.15)))
    )
    (fp_line (start 1.48 0.73) (end -1.48 0.73) (layer F.CrtYd) (width 0.05))
    (fp_line (start 1.48 -0.73) (end 1.48 0.73) (layer F.CrtYd) (width 0.05))
    (fp_line (start -1.48 -0.73) (end 1.48 -0.73) (layer F.CrtYd) (width 0.05))
    (fp_line (start -1.48 0.73) (end -1.48 -0.73) (layer F.CrtYd) (width 0.05))
    (fp_line (start -0.14058 0.51) (end 0.14058 0.51) (layer F.SilkS) (width 0.12))
    (fp_line (start -0.14058 -0.51) (end 0.14058 -0.51) (layer F.SilkS) (width 0.12))
    (fp_line (start 0.8 0.4) (end -0.8 0.4) (layer F.Fab) (width 0.1))
    (fp_line (start 0.8 -0.4) (end 0.8 0.4) (layer F.Fab) (width 0.1))
    (fp_line (start -0.8 -0.4) (end 0.8 -0.4) (layer F.Fab) (width 0.1))
    (fp_line (start -0.8 0.4) (end -0.8 -0.4) (layer F.Fab) (width 0.1))
    (fp_text user %R (at 0 0) (layer F.Fab)
      (effects (font (size 0.4 0.4) (thickness 0.06)))
    )
    (pad 2 smd roundrect (at 0.775 0 180) (size 0.9 0.95) (layers F.Cu F.Paste F.Mask) (roundrect_rratio 0.25)
      (net 3 GND))
    (pad 1 smd roundrect (at -0.775 0 180) (size 0.9 0.95) (layers F.Cu F.Paste F.Mask) (roundrect_rratio 0.25)
      (net 57 +3V3))
    (model ${KISYS3DMOD}/Capacitor_SMD.3dshapes/C_0603_1608Metric.wrl
      (at (xyz 0 0 0))
      (scale (xyz 1 1 1))
      (rotate (xyz 0 0 0))
    )
  )

  (module Capacitor_SMD:C_0603_1608Metric (layer F.Cu) (tedit 5F68FEEE) (tstamp 5FBA84CD)
    (at 145.49 97.34 90)
    (descr "Capacitor SMD 0603 (1608 Metric), square (rectangular) end terminal, IPC_7351 nominal, (Body size source: IPC-SM-782 page 76, https://www.pcb-3d.com/wordpress/wp-content/uploads/ipc-sm-782a_amendment_1_and_2.pdf), generated with kicad-footprint-generator")
    (tags capacitor)
    (path /5FC5E80C)
    (attr smd)
    (fp_text reference C14 (at 2.95 -0.07 90) (layer F.SilkS)
      (effects (font (size 1 1) (thickness 0.15)))
    )
    (fp_text value 100n (at 0 1.43 90) (layer F.Fab)
      (effects (font (size 1 1) (thickness 0.15)))
    )
    (fp_line (start 1.48 0.73) (end -1.48 0.73) (layer F.CrtYd) (width 0.05))
    (fp_line (start 1.48 -0.73) (end 1.48 0.73) (layer F.CrtYd) (width 0.05))
    (fp_line (start -1.48 -0.73) (end 1.48 -0.73) (layer F.CrtYd) (width 0.05))
    (fp_line (start -1.48 0.73) (end -1.48 -0.73) (layer F.CrtYd) (width 0.05))
    (fp_line (start -0.14058 0.51) (end 0.14058 0.51) (layer F.SilkS) (width 0.12))
    (fp_line (start -0.14058 -0.51) (end 0.14058 -0.51) (layer F.SilkS) (width 0.12))
    (fp_line (start 0.8 0.4) (end -0.8 0.4) (layer F.Fab) (width 0.1))
    (fp_line (start 0.8 -0.4) (end 0.8 0.4) (layer F.Fab) (width 0.1))
    (fp_line (start -0.8 -0.4) (end 0.8 -0.4) (layer F.Fab) (width 0.1))
    (fp_line (start -0.8 0.4) (end -0.8 -0.4) (layer F.Fab) (width 0.1))
    (fp_text user %R (at 0 0 90) (layer F.Fab)
      (effects (font (size 0.4 0.4) (thickness 0.06)))
    )
    (pad 2 smd roundrect (at 0.775 0 90) (size 0.9 0.95) (layers F.Cu F.Paste F.Mask) (roundrect_rratio 0.25)
      (net 3 GND))
    (pad 1 smd roundrect (at -0.775 0 90) (size 0.9 0.95) (layers F.Cu F.Paste F.Mask) (roundrect_rratio 0.25)
      (net 57 +3V3))
    (model ${KISYS3DMOD}/Capacitor_SMD.3dshapes/C_0603_1608Metric.wrl
      (at (xyz 0 0 0))
      (scale (xyz 1 1 1))
      (rotate (xyz 0 0 0))
    )
  )

  (module Capacitor_SMD:C_0603_1608Metric (layer F.Cu) (tedit 5F68FEEE) (tstamp 5FBA11E2)
    (at 153.42 102.03 270)
    (descr "Capacitor SMD 0603 (1608 Metric), square (rectangular) end terminal, IPC_7351 nominal, (Body size source: IPC-SM-782 page 76, https://www.pcb-3d.com/wordpress/wp-content/uploads/ipc-sm-782a_amendment_1_and_2.pdf), generated with kicad-footprint-generator")
    (tags capacitor)
    (path /5FBF3435)
    (attr smd)
    (fp_text reference C13 (at 3.42 -0.04 90) (layer F.SilkS)
      (effects (font (size 1 1) (thickness 0.15)))
    )
    (fp_text value 100n (at 0 1.43 90) (layer F.Fab)
      (effects (font (size 1 1) (thickness 0.15)))
    )
    (fp_line (start 1.48 0.73) (end -1.48 0.73) (layer F.CrtYd) (width 0.05))
    (fp_line (start 1.48 -0.73) (end 1.48 0.73) (layer F.CrtYd) (width 0.05))
    (fp_line (start -1.48 -0.73) (end 1.48 -0.73) (layer F.CrtYd) (width 0.05))
    (fp_line (start -1.48 0.73) (end -1.48 -0.73) (layer F.CrtYd) (width 0.05))
    (fp_line (start -0.14058 0.51) (end 0.14058 0.51) (layer F.SilkS) (width 0.12))
    (fp_line (start -0.14058 -0.51) (end 0.14058 -0.51) (layer F.SilkS) (width 0.12))
    (fp_line (start 0.8 0.4) (end -0.8 0.4) (layer F.Fab) (width 0.1))
    (fp_line (start 0.8 -0.4) (end 0.8 0.4) (layer F.Fab) (width 0.1))
    (fp_line (start -0.8 -0.4) (end 0.8 -0.4) (layer F.Fab) (width 0.1))
    (fp_line (start -0.8 0.4) (end -0.8 -0.4) (layer F.Fab) (width 0.1))
    (fp_text user %R (at 0 0 90) (layer F.Fab)
      (effects (font (size 0.4 0.4) (thickness 0.06)))
    )
    (pad 2 smd roundrect (at 0.775 0 270) (size 0.9 0.95) (layers F.Cu F.Paste F.Mask) (roundrect_rratio 0.25)
      (net 3 GND))
    (pad 1 smd roundrect (at -0.775 0 270) (size 0.9 0.95) (layers F.Cu F.Paste F.Mask) (roundrect_rratio 0.25)
      (net 57 +3V3))
    (model ${KISYS3DMOD}/Capacitor_SMD.3dshapes/C_0603_1608Metric.wrl
      (at (xyz 0 0 0))
      (scale (xyz 1 1 1))
      (rotate (xyz 0 0 0))
    )
  )

  (module Capacitor_SMD:C_0603_1608Metric (layer B.Cu) (tedit 5F68FEEE) (tstamp 5FB9F392)
    (at 144.31 93.97 180)
    (descr "Capacitor SMD 0603 (1608 Metric), square (rectangular) end terminal, IPC_7351 nominal, (Body size source: IPC-SM-782 page 76, https://www.pcb-3d.com/wordpress/wp-content/uploads/ipc-sm-782a_amendment_1_and_2.pdf), generated with kicad-footprint-generator")
    (tags capacitor)
    (path /5FBD4347)
    (attr smd)
    (fp_text reference C12 (at 2.91 -0.04) (layer B.SilkS)
      (effects (font (size 1 1) (thickness 0.15)) (justify mirror))
    )
    (fp_text value 100n (at 0 -1.43) (layer B.Fab)
      (effects (font (size 1 1) (thickness 0.15)) (justify mirror))
    )
    (fp_line (start 1.48 -0.73) (end -1.48 -0.73) (layer B.CrtYd) (width 0.05))
    (fp_line (start 1.48 0.73) (end 1.48 -0.73) (layer B.CrtYd) (width 0.05))
    (fp_line (start -1.48 0.73) (end 1.48 0.73) (layer B.CrtYd) (width 0.05))
    (fp_line (start -1.48 -0.73) (end -1.48 0.73) (layer B.CrtYd) (width 0.05))
    (fp_line (start -0.14058 -0.51) (end 0.14058 -0.51) (layer B.SilkS) (width 0.12))
    (fp_line (start -0.14058 0.51) (end 0.14058 0.51) (layer B.SilkS) (width 0.12))
    (fp_line (start 0.8 -0.4) (end -0.8 -0.4) (layer B.Fab) (width 0.1))
    (fp_line (start 0.8 0.4) (end 0.8 -0.4) (layer B.Fab) (width 0.1))
    (fp_line (start -0.8 0.4) (end 0.8 0.4) (layer B.Fab) (width 0.1))
    (fp_line (start -0.8 -0.4) (end -0.8 0.4) (layer B.Fab) (width 0.1))
    (fp_text user %R (at 0 0) (layer B.Fab)
      (effects (font (size 0.4 0.4) (thickness 0.06)) (justify mirror))
    )
    (pad 2 smd roundrect (at 0.775 0 180) (size 0.9 0.95) (layers B.Cu B.Paste B.Mask) (roundrect_rratio 0.25)
      (net 3 GND))
    (pad 1 smd roundrect (at -0.775 0 180) (size 0.9 0.95) (layers B.Cu B.Paste B.Mask) (roundrect_rratio 0.25)
      (net 57 +3V3))
    (model ${KISYS3DMOD}/Capacitor_SMD.3dshapes/C_0603_1608Metric.wrl
      (at (xyz 0 0 0))
      (scale (xyz 1 1 1))
      (rotate (xyz 0 0 0))
    )
  )

  (module Capacitor_SMD:C_0603_1608Metric (layer B.Cu) (tedit 5F68FEEE) (tstamp 5FB9F381)
    (at 144.34 106.02 180)
    (descr "Capacitor SMD 0603 (1608 Metric), square (rectangular) end terminal, IPC_7351 nominal, (Body size source: IPC-SM-782 page 76, https://www.pcb-3d.com/wordpress/wp-content/uploads/ipc-sm-782a_amendment_1_and_2.pdf), generated with kicad-footprint-generator")
    (tags capacitor)
    (path /5FBD3B68)
    (attr smd)
    (fp_text reference C11 (at -0.18 -1.41) (layer B.SilkS)
      (effects (font (size 1 1) (thickness 0.15)) (justify mirror))
    )
    (fp_text value 100n (at 0 -1.43) (layer B.Fab)
      (effects (font (size 1 1) (thickness 0.15)) (justify mirror))
    )
    (fp_line (start 1.48 -0.73) (end -1.48 -0.73) (layer B.CrtYd) (width 0.05))
    (fp_line (start 1.48 0.73) (end 1.48 -0.73) (layer B.CrtYd) (width 0.05))
    (fp_line (start -1.48 0.73) (end 1.48 0.73) (layer B.CrtYd) (width 0.05))
    (fp_line (start -1.48 -0.73) (end -1.48 0.73) (layer B.CrtYd) (width 0.05))
    (fp_line (start -0.14058 -0.51) (end 0.14058 -0.51) (layer B.SilkS) (width 0.12))
    (fp_line (start -0.14058 0.51) (end 0.14058 0.51) (layer B.SilkS) (width 0.12))
    (fp_line (start 0.8 -0.4) (end -0.8 -0.4) (layer B.Fab) (width 0.1))
    (fp_line (start 0.8 0.4) (end 0.8 -0.4) (layer B.Fab) (width 0.1))
    (fp_line (start -0.8 0.4) (end 0.8 0.4) (layer B.Fab) (width 0.1))
    (fp_line (start -0.8 -0.4) (end -0.8 0.4) (layer B.Fab) (width 0.1))
    (fp_text user %R (at 0 0) (layer B.Fab)
      (effects (font (size 0.4 0.4) (thickness 0.06)) (justify mirror))
    )
    (pad 2 smd roundrect (at 0.775 0 180) (size 0.9 0.95) (layers B.Cu B.Paste B.Mask) (roundrect_rratio 0.25)
      (net 3 GND))
    (pad 1 smd roundrect (at -0.775 0 180) (size 0.9 0.95) (layers B.Cu B.Paste B.Mask) (roundrect_rratio 0.25)
      (net 57 +3V3))
    (model ${KISYS3DMOD}/Capacitor_SMD.3dshapes/C_0603_1608Metric.wrl
      (at (xyz 0 0 0))
      (scale (xyz 1 1 1))
      (rotate (xyz 0 0 0))
    )
  )

  (module Capacitor_SMD:C_0603_1608Metric (layer B.Cu) (tedit 5F68FEEE) (tstamp 5FB9F370)
    (at 157.47 97 90)
    (descr "Capacitor SMD 0603 (1608 Metric), square (rectangular) end terminal, IPC_7351 nominal, (Body size source: IPC-SM-782 page 76, https://www.pcb-3d.com/wordpress/wp-content/uploads/ipc-sm-782a_amendment_1_and_2.pdf), generated with kicad-footprint-generator")
    (tags capacitor)
    (path /5FBD33AC)
    (attr smd)
    (fp_text reference C10 (at 0 1.43 270) (layer B.SilkS)
      (effects (font (size 1 1) (thickness 0.15)) (justify mirror))
    )
    (fp_text value 100n (at 0 -1.43 270) (layer B.Fab)
      (effects (font (size 1 1) (thickness 0.15)) (justify mirror))
    )
    (fp_line (start 1.48 -0.73) (end -1.48 -0.73) (layer B.CrtYd) (width 0.05))
    (fp_line (start 1.48 0.73) (end 1.48 -0.73) (layer B.CrtYd) (width 0.05))
    (fp_line (start -1.48 0.73) (end 1.48 0.73) (layer B.CrtYd) (width 0.05))
    (fp_line (start -1.48 -0.73) (end -1.48 0.73) (layer B.CrtYd) (width 0.05))
    (fp_line (start -0.14058 -0.51) (end 0.14058 -0.51) (layer B.SilkS) (width 0.12))
    (fp_line (start -0.14058 0.51) (end 0.14058 0.51) (layer B.SilkS) (width 0.12))
    (fp_line (start 0.8 -0.4) (end -0.8 -0.4) (layer B.Fab) (width 0.1))
    (fp_line (start 0.8 0.4) (end 0.8 -0.4) (layer B.Fab) (width 0.1))
    (fp_line (start -0.8 0.4) (end 0.8 0.4) (layer B.Fab) (width 0.1))
    (fp_line (start -0.8 -0.4) (end -0.8 0.4) (layer B.Fab) (width 0.1))
    (fp_text user %R (at 0 0 270) (layer B.Fab)
      (effects (font (size 0.4 0.4) (thickness 0.06)) (justify mirror))
    )
    (pad 2 smd roundrect (at 0.775 0 90) (size 0.9 0.95) (layers B.Cu B.Paste B.Mask) (roundrect_rratio 0.25)
      (net 3 GND))
    (pad 1 smd roundrect (at -0.775 0 90) (size 0.9 0.95) (layers B.Cu B.Paste B.Mask) (roundrect_rratio 0.25)
      (net 57 +3V3))
    (model ${KISYS3DMOD}/Capacitor_SMD.3dshapes/C_0603_1608Metric.wrl
      (at (xyz 0 0 0))
      (scale (xyz 1 1 1))
      (rotate (xyz 0 0 0))
    )
  )

  (module Capacitor_SMD:C_0603_1608Metric (layer B.Cu) (tedit 5F68FEEE) (tstamp 5FB9F35F)
    (at 157.48 103.84 90)
    (descr "Capacitor SMD 0603 (1608 Metric), square (rectangular) end terminal, IPC_7351 nominal, (Body size source: IPC-SM-782 page 76, https://www.pcb-3d.com/wordpress/wp-content/uploads/ipc-sm-782a_amendment_1_and_2.pdf), generated with kicad-footprint-generator")
    (tags capacitor)
    (path /5FBD2C0E)
    (attr smd)
    (fp_text reference C9 (at 0 1.43 270) (layer B.SilkS)
      (effects (font (size 1 1) (thickness 0.15)) (justify mirror))
    )
    (fp_text value 100n (at 0 -1.43 270) (layer B.Fab)
      (effects (font (size 1 1) (thickness 0.15)) (justify mirror))
    )
    (fp_line (start 1.48 -0.73) (end -1.48 -0.73) (layer B.CrtYd) (width 0.05))
    (fp_line (start 1.48 0.73) (end 1.48 -0.73) (layer B.CrtYd) (width 0.05))
    (fp_line (start -1.48 0.73) (end 1.48 0.73) (layer B.CrtYd) (width 0.05))
    (fp_line (start -1.48 -0.73) (end -1.48 0.73) (layer B.CrtYd) (width 0.05))
    (fp_line (start -0.14058 -0.51) (end 0.14058 -0.51) (layer B.SilkS) (width 0.12))
    (fp_line (start -0.14058 0.51) (end 0.14058 0.51) (layer B.SilkS) (width 0.12))
    (fp_line (start 0.8 -0.4) (end -0.8 -0.4) (layer B.Fab) (width 0.1))
    (fp_line (start 0.8 0.4) (end 0.8 -0.4) (layer B.Fab) (width 0.1))
    (fp_line (start -0.8 0.4) (end 0.8 0.4) (layer B.Fab) (width 0.1))
    (fp_line (start -0.8 -0.4) (end -0.8 0.4) (layer B.Fab) (width 0.1))
    (fp_text user %R (at 0 0 270) (layer B.Fab)
      (effects (font (size 0.4 0.4) (thickness 0.06)) (justify mirror))
    )
    (pad 2 smd roundrect (at 0.775 0 90) (size 0.9 0.95) (layers B.Cu B.Paste B.Mask) (roundrect_rratio 0.25)
      (net 3 GND))
    (pad 1 smd roundrect (at -0.775 0 90) (size 0.9 0.95) (layers B.Cu B.Paste B.Mask) (roundrect_rratio 0.25)
      (net 57 +3V3))
    (model ${KISYS3DMOD}/Capacitor_SMD.3dshapes/C_0603_1608Metric.wrl
      (at (xyz 0 0 0))
      (scale (xyz 1 1 1))
      (rotate (xyz 0 0 0))
    )
  )

  (module Package_LGA:Bosch_LGA-8_2x2.5mm_P0.65mm_ClockwisePinNumbering (layer F.Cu) (tedit 5A2F92D2) (tstamp 5FBB81CC)
    (at 144.29 100.17 180)
    (descr "LGA-8, https://ae-bst.resource.bosch.com/media/_tech/media/datasheets/BST-BMP280-DS001-18.pdf")
    (tags "lga land grid array")
    (path /5FC627A9)
    (attr smd)
    (fp_text reference U1 (at 0.04 -2.03) (layer F.SilkS)
      (effects (font (size 1 1) (thickness 0.15)))
    )
    (fp_text value BMP280 (at 0 3.1) (layer F.Fab)
      (effects (font (size 1 1) (thickness 0.15)))
    )
    (fp_line (start -1.35 1.1) (end -0.87 1.1) (layer F.SilkS) (width 0.1))
    (fp_line (start -1.55 -1.3) (end 1.55 -1.3) (layer F.CrtYd) (width 0.05))
    (fp_line (start 1.55 -1.3) (end 1.55 1.3) (layer F.CrtYd) (width 0.05))
    (fp_line (start 1.55 1.3) (end -1.55 1.3) (layer F.CrtYd) (width 0.05))
    (fp_line (start -1.55 1.3) (end -1.55 -1.3) (layer F.CrtYd) (width 0.05))
    (fp_line (start -1.25 1) (end 1.25 1) (layer F.Fab) (width 0.1))
    (fp_line (start 1.25 -1) (end 1.25 1) (layer F.Fab) (width 0.1))
    (fp_line (start 1.25 -1) (end -1 -1) (layer F.Fab) (width 0.1))
    (fp_line (start -1 -1) (end -1.25 -0.75) (layer F.Fab) (width 0.1))
    (fp_line (start -1.25 1) (end -1.25 -0.75) (layer F.Fab) (width 0.1))
    (fp_line (start 0.87 1.1) (end 1.35 1.1) (layer F.SilkS) (width 0.1))
    (fp_line (start 1.35 1.1) (end 1.35 0.46) (layer F.SilkS) (width 0.1))
    (fp_line (start -1.35 1.1) (end -1.35 0.46) (layer F.SilkS) (width 0.1))
    (fp_line (start 1.35 -0.46) (end 1.35 -1.1) (layer F.SilkS) (width 0.1))
    (fp_line (start 0.87 -1.1) (end 1.35 -1.1) (layer F.SilkS) (width 0.1))
    (fp_line (start -1.35 -0.46) (end -1.35 -1.1) (layer F.SilkS) (width 0.1))
    (fp_text user %R (at 0 0) (layer F.Fab)
      (effects (font (size 0.5 0.5) (thickness 0.075)))
    )
    (pad 1 smd rect (at -0.975 -0.8 270) (size 0.5 0.35) (layers F.Cu F.Paste F.Mask)
      (net 3 GND))
    (pad 5 smd rect (at 0.975 0.8 270) (size 0.5 0.35) (layers F.Cu F.Paste F.Mask)
      (net 45 spi3_miso))
    (pad 6 smd rect (at 0.325 0.8 270) (size 0.5 0.35) (layers F.Cu F.Paste F.Mask)
      (net 57 +3V3))
    (pad 7 smd rect (at -0.325 0.8 270) (size 0.5 0.35) (layers F.Cu F.Paste F.Mask)
      (net 3 GND))
    (pad 4 smd rect (at 0.975 -0.8 270) (size 0.5 0.35) (layers F.Cu F.Paste F.Mask)
      (net 46 spi3_sck))
    (pad 3 smd rect (at 0.325 -0.8 270) (size 0.5 0.35) (layers F.Cu F.Paste F.Mask)
      (net 47 spi3_mosi))
    (pad 2 smd rect (at -0.325 -0.8 270) (size 0.5 0.35) (layers F.Cu F.Paste F.Mask)
      (net 48 baro_cs))
    (pad 8 smd rect (at -0.975 0.8 270) (size 0.5 0.35) (layers F.Cu F.Paste F.Mask)
      (net 57 +3V3))
    (model ${KISYS3DMOD}/Package_LGA.3dshapes/Bosch_LGA-8_2x2.5mm_P0.65mm_ClockwisePinNumbering.wrl
      (at (xyz 0 0 0))
      (scale (xyz 1 1 1))
      (rotate (xyz 0 0 0))
    )
  )

  (module Package_QFP:LQFP-64_10x10mm_P0.5mm (layer B.Cu) (tedit 5D9F72AF) (tstamp 5FB02BDD)
    (at 150 100 270)
    (descr "LQFP, 64 Pin (https://www.analog.com/media/en/technical-documentation/data-sheets/ad7606_7606-6_7606-4.pdf), generated with kicad-footprint-generator ipc_gullwing_generator.py")
    (tags "LQFP QFP")
    (path /5FAFD135)
    (attr smd)
    (fp_text reference U2 (at 0 7.4 270) (layer B.SilkS)
      (effects (font (size 1 1) (thickness 0.15)) (justify mirror))
    )
    (fp_text value STM32F722RETx (at 0 -7.4 270) (layer B.Fab)
      (effects (font (size 1 1) (thickness 0.15)) (justify mirror))
    )
    (fp_line (start 6.7 -4.15) (end 6.7 0) (layer B.CrtYd) (width 0.05))
    (fp_line (start 5.25 -4.15) (end 6.7 -4.15) (layer B.CrtYd) (width 0.05))
    (fp_line (start 5.25 -5.25) (end 5.25 -4.15) (layer B.CrtYd) (width 0.05))
    (fp_line (start 4.15 -5.25) (end 5.25 -5.25) (layer B.CrtYd) (width 0.05))
    (fp_line (start 4.15 -6.7) (end 4.15 -5.25) (layer B.CrtYd) (width 0.05))
    (fp_line (start 0 -6.7) (end 4.15 -6.7) (layer B.CrtYd) (width 0.05))
    (fp_line (start -6.7 -4.15) (end -6.7 0) (layer B.CrtYd) (width 0.05))
    (fp_line (start -5.25 -4.15) (end -6.7 -4.15) (layer B.CrtYd) (width 0.05))
    (fp_line (start -5.25 -5.25) (end -5.25 -4.15) (layer B.CrtYd) (width 0.05))
    (fp_line (start -4.15 -5.25) (end -5.25 -5.25) (layer B.CrtYd) (width 0.05))
    (fp_line (start -4.15 -6.7) (end -4.15 -5.25) (layer B.CrtYd) (width 0.05))
    (fp_line (start 0 -6.7) (end -4.15 -6.7) (layer B.CrtYd) (width 0.05))
    (fp_line (start 6.7 4.15) (end 6.7 0) (layer B.CrtYd) (width 0.05))
    (fp_line (start 5.25 4.15) (end 6.7 4.15) (layer B.CrtYd) (width 0.05))
    (fp_line (start 5.25 5.25) (end 5.25 4.15) (layer B.CrtYd) (width 0.05))
    (fp_line (start 4.15 5.25) (end 5.25 5.25) (layer B.CrtYd) (width 0.05))
    (fp_line (start 4.15 6.7) (end 4.15 5.25) (layer B.CrtYd) (width 0.05))
    (fp_line (start 0 6.7) (end 4.15 6.7) (layer B.CrtYd) (width 0.05))
    (fp_line (start -6.7 4.15) (end -6.7 0) (layer B.CrtYd) (width 0.05))
    (fp_line (start -5.25 4.15) (end -6.7 4.15) (layer B.CrtYd) (width 0.05))
    (fp_line (start -5.25 5.25) (end -5.25 4.15) (layer B.CrtYd) (width 0.05))
    (fp_line (start -4.15 5.25) (end -5.25 5.25) (layer B.CrtYd) (width 0.05))
    (fp_line (start -4.15 6.7) (end -4.15 5.25) (layer B.CrtYd) (width 0.05))
    (fp_line (start 0 6.7) (end -4.15 6.7) (layer B.CrtYd) (width 0.05))
    (fp_line (start -5 4) (end -4 5) (layer B.Fab) (width 0.1))
    (fp_line (start -5 -5) (end -5 4) (layer B.Fab) (width 0.1))
    (fp_line (start 5 -5) (end -5 -5) (layer B.Fab) (width 0.1))
    (fp_line (start 5 5) (end 5 -5) (layer B.Fab) (width 0.1))
    (fp_line (start -4 5) (end 5 5) (layer B.Fab) (width 0.1))
    (fp_line (start -5.11 4.16) (end -6.45 4.16) (layer B.SilkS) (width 0.12))
    (fp_line (start -5.11 5.11) (end -5.11 4.16) (layer B.SilkS) (width 0.12))
    (fp_line (start -4.16 5.11) (end -5.11 5.11) (layer B.SilkS) (width 0.12))
    (fp_line (start 5.11 5.11) (end 5.11 4.16) (layer B.SilkS) (width 0.12))
    (fp_line (start 4.16 5.11) (end 5.11 5.11) (layer B.SilkS) (width 0.12))
    (fp_line (start -5.11 -5.11) (end -5.11 -4.16) (layer B.SilkS) (width 0.12))
    (fp_line (start -4.16 -5.11) (end -5.11 -5.11) (layer B.SilkS) (width 0.12))
    (fp_line (start 5.11 -5.11) (end 5.11 -4.16) (layer B.SilkS) (width 0.12))
    (fp_line (start 4.16 -5.11) (end 5.11 -5.11) (layer B.SilkS) (width 0.12))
    (fp_text user %R (at 0 0 270) (layer B.Fab)
      (effects (font (size 1 1) (thickness 0.15)) (justify mirror))
    )
    (pad 1 smd roundrect (at -5.675 3.75 270) (size 1.55 0.3) (layers B.Cu B.Paste B.Mask) (roundrect_rratio 0.25)
      (net 57 +3V3))
    (pad 2 smd roundrect (at -5.675 3.25 270) (size 1.55 0.3) (layers B.Cu B.Paste B.Mask) (roundrect_rratio 0.25)
      (net 43 beeper))
    (pad 3 smd roundrect (at -5.675 2.75 270) (size 1.55 0.3) (layers B.Cu B.Paste B.Mask) (roundrect_rratio 0.25))
    (pad 4 smd roundrect (at -5.675 2.25 270) (size 1.55 0.3) (layers B.Cu B.Paste B.Mask) (roundrect_rratio 0.25)
      (net 48 baro_cs))
    (pad 5 smd roundrect (at -5.675 1.75 270) (size 1.55 0.3) (layers B.Cu B.Paste B.Mask) (roundrect_rratio 0.25)
      (net 49 "Net-(U2-Pad5)"))
    (pad 6 smd roundrect (at -5.675 1.25 270) (size 1.55 0.3) (layers B.Cu B.Paste B.Mask) (roundrect_rratio 0.25)
      (net 50 "Net-(U2-Pad6)"))
    (pad 7 smd roundrect (at -5.675 0.75 270) (size 1.55 0.3) (layers B.Cu B.Paste B.Mask) (roundrect_rratio 0.25)
      (net 9 nrst))
    (pad 8 smd roundrect (at -5.675 0.25 270) (size 1.55 0.3) (layers B.Cu B.Paste B.Mask) (roundrect_rratio 0.25))
    (pad 9 smd roundrect (at -5.675 -0.25 270) (size 1.55 0.3) (layers B.Cu B.Paste B.Mask) (roundrect_rratio 0.25)
      (net 42 vbat_adc))
    (pad 10 smd roundrect (at -5.675 -0.75 270) (size 1.55 0.3) (layers B.Cu B.Paste B.Mask) (roundrect_rratio 0.25)
      (net 29 current_adc))
    (pad 11 smd roundrect (at -5.675 -1.25 270) (size 1.55 0.3) (layers B.Cu B.Paste B.Mask) (roundrect_rratio 0.25)
      (net 37 rssi_adc))
    (pad 12 smd roundrect (at -5.675 -1.75 270) (size 1.55 0.3) (layers B.Cu B.Paste B.Mask) (roundrect_rratio 0.25)
      (net 3 GND))
    (pad 13 smd roundrect (at -5.675 -2.25 270) (size 1.55 0.3) (layers B.Cu B.Paste B.Mask) (roundrect_rratio 0.25)
      (net 57 +3V3))
    (pad 14 smd roundrect (at -5.675 -2.75 270) (size 1.55 0.3) (layers B.Cu B.Paste B.Mask) (roundrect_rratio 0.25)
      (net 21 uart4_tx))
    (pad 15 smd roundrect (at -5.675 -3.25 270) (size 1.55 0.3) (layers B.Cu B.Paste B.Mask) (roundrect_rratio 0.25)
      (net 22 uart4_rx))
    (pad 16 smd roundrect (at -5.675 -3.75 270) (size 1.55 0.3) (layers B.Cu B.Paste B.Mask) (roundrect_rratio 0.25)
      (net 20 usart2_tx))
    (pad 17 smd roundrect (at -3.75 -5.675 270) (size 0.3 1.55) (layers B.Cu B.Paste B.Mask) (roundrect_rratio 0.25)
      (net 19 usart2_rx))
    (pad 18 smd roundrect (at -3.25 -5.675 270) (size 0.3 1.55) (layers B.Cu B.Paste B.Mask) (roundrect_rratio 0.25)
      (net 3 GND))
    (pad 19 smd roundrect (at -2.75 -5.675 270) (size 0.3 1.55) (layers B.Cu B.Paste B.Mask) (roundrect_rratio 0.25)
      (net 57 +3V3))
    (pad 20 smd roundrect (at -2.25 -5.675 270) (size 0.3 1.55) (layers B.Cu B.Paste B.Mask) (roundrect_rratio 0.25)
      (net 51 gyro1_cs))
    (pad 21 smd roundrect (at -1.75 -5.675 270) (size 0.3 1.55) (layers B.Cu B.Paste B.Mask) (roundrect_rratio 0.25)
      (net 52 spi1_sck))
    (pad 22 smd roundrect (at -1.25 -5.675 270) (size 0.3 1.55) (layers B.Cu B.Paste B.Mask) (roundrect_rratio 0.25)
      (net 53 spi1_miso))
    (pad 23 smd roundrect (at -0.75 -5.675 270) (size 0.3 1.55) (layers B.Cu B.Paste B.Mask) (roundrect_rratio 0.25)
      (net 54 spi1_mosi))
    (pad 24 smd roundrect (at -0.25 -5.675 270) (size 0.3 1.55) (layers B.Cu B.Paste B.Mask) (roundrect_rratio 0.25)
      (net 55 gyro1_exti))
    (pad 25 smd roundrect (at 0.25 -5.675 270) (size 0.3 1.55) (layers B.Cu B.Paste B.Mask) (roundrect_rratio 0.25)
      (net 26 m3))
    (pad 26 smd roundrect (at 0.75 -5.675 270) (size 0.3 1.55) (layers B.Cu B.Paste B.Mask) (roundrect_rratio 0.25)
      (net 25 m4))
    (pad 27 smd roundrect (at 1.25 -5.675 270) (size 0.3 1.55) (layers B.Cu B.Paste B.Mask) (roundrect_rratio 0.25)
      (net 44 led0))
    (pad 28 smd roundrect (at 1.75 -5.675 270) (size 0.3 1.55) (layers B.Cu B.Paste B.Mask) (roundrect_rratio 0.25)
      (net 16 i2c2_scl))
    (pad 29 smd roundrect (at 2.25 -5.675 270) (size 0.3 1.55) (layers B.Cu B.Paste B.Mask) (roundrect_rratio 0.25)
      (net 15 i2c2_sda))
    (pad 30 smd roundrect (at 2.75 -5.675 270) (size 0.3 1.55) (layers B.Cu B.Paste B.Mask) (roundrect_rratio 0.25)
      (net 4 "Net-(C1-Pad2)"))
    (pad 31 smd roundrect (at 3.25 -5.675 270) (size 0.3 1.55) (layers B.Cu B.Paste B.Mask) (roundrect_rratio 0.25)
      (net 3 GND))
    (pad 32 smd roundrect (at 3.75 -5.675 270) (size 0.3 1.55) (layers B.Cu B.Paste B.Mask) (roundrect_rratio 0.25)
      (net 57 +3V3))
    (pad 33 smd roundrect (at 5.675 -3.75 270) (size 1.55 0.3) (layers B.Cu B.Paste B.Mask) (roundrect_rratio 0.25))
    (pad 34 smd roundrect (at 5.675 -3.25 270) (size 1.55 0.3) (layers B.Cu B.Paste B.Mask) (roundrect_rratio 0.25))
    (pad 35 smd roundrect (at 5.675 -2.75 270) (size 1.55 0.3) (layers B.Cu B.Paste B.Mask) (roundrect_rratio 0.25))
    (pad 36 smd roundrect (at 5.675 -2.25 270) (size 1.55 0.3) (layers B.Cu B.Paste B.Mask) (roundrect_rratio 0.25))
    (pad 37 smd roundrect (at 5.675 -1.75 270) (size 1.55 0.3) (layers B.Cu B.Paste B.Mask) (roundrect_rratio 0.25)
      (net 30 uart6_rxtx))
    (pad 38 smd roundrect (at 5.675 -1.25 270) (size 1.55 0.3) (layers B.Cu B.Paste B.Mask) (roundrect_rratio 0.25)
      (net 27 m2))
    (pad 39 smd roundrect (at 5.675 -0.75 270) (size 1.55 0.3) (layers B.Cu B.Paste B.Mask) (roundrect_rratio 0.25)
      (net 56 flash_cs))
    (pad 40 smd roundrect (at 5.675 -0.25 270) (size 1.55 0.3) (layers B.Cu B.Paste B.Mask) (roundrect_rratio 0.25)
      (net 28 m1))
    (pad 41 smd roundrect (at 5.675 0.25 270) (size 1.55 0.3) (layers B.Cu B.Paste B.Mask) (roundrect_rratio 0.25)
      (net 39 led))
    (pad 42 smd roundrect (at 5.675 0.75 270) (size 1.55 0.3) (layers B.Cu B.Paste B.Mask) (roundrect_rratio 0.25)
      (net 17 usart1_tx))
